601072    18.281019
601071    26.988187
601063    42.643484
601039    39.605257
600842    21.736948
601017    44.790359
601052    41.141819
600965    43.036778
601074    65.204864
601070    32.653806
601001    22.0608
601047    44.743433
601075    33.831184
600630    23.738504
600730    36.264991
601064    43.011384
600670    28.158241
601030    29.825899
598444    28.694202
600784    30.669462
547721    38.375621
601051    18.56546
600970    20.917868
600883    32.781457
600699    50.209145
600907    35.201401
600945    34.295246
600941    26.39285
599610    30.447193
601076    33.636005
600901    24.338206
600879    19.731229
600633    36.403034
600870    20.209974
601073    26.81359
600980    24.137075
600689    27.859162
600928    24.180435
601048    24.051677
600998    22.287308
601007    18.790989
600974    22.269161
600065    37.007389
598924    32.678686
600711    11.472149
601068    23.307247
599389    30.578801
600417    20.251836
599851    17.161244
589420    22.439926
598049    7.310504
598948    25.898079
600688    30.050719
601008    25.371829
600119    18.620038
599531    15.244487
601035    24.250395
599566    24.81203
598944    18.727273
600462    20.637899
598972    29.237555
545844    11.283186
591612    20.435511
599900    37.447168
599414    19.248826
592887    34.828244
600440    28.502879
584094    35.029354
529471    14.074803
600369    20.542231
600045    28.874735
600339    14.699571
444914    15.131579
600006    23.025435
600491    33.70607
599646    30.14827
516879    14.954955
600894    21.062271
599619    17.068646
593874    28.458498
594329    24.364407
600761    33.260394
588424    29.385965
597299    20.309051
598742    27.139364
598552    35.064935
451484    30.344828
564390    36.015326
279580    69.444444
592480    25.498008
600734    23.72093
537083    24.456522
557637    12.048193
369956    25.694444
331727    31.2
369878    2.564103
277362    6.25
593127    13.084112
313653    13.72549
